,loss,val_loss,mean_absolute_error,binary_crossentropy,categorical_crossentropy
0,0.4322542570531368,0.10324344933032989,0.44349971413612366,3.0999014377593994,
1,0.04364761422491736,0.02014903463423252,0.14757438004016876,0.7074136734008789,1.7980270385742188
2,0.017383764942901003,0.015790110919624567,0.09351231902837753,0.6062356233596802,1.5964939594268799
3,0.01473712914933761,0.013675034511834383,0.08525696396827698,0.5948112607002258,1.5805754661560059
4,0.012824046425521374,0.011927275825291872,0.0795157179236412,0.5866763591766357,1.5698726177215576
5,0.011242284967253605,0.010479678958654403,0.07451684027910233,0.580399215221405,1.5628598928451538
6,0.00993310920894146,0.009280010312795638,0.07019331306219101,0.5756711363792419,1.5582342147827148
7,0.008845156338065863,0.008286740258336067,0.06641289591789246,0.5720207095146179,1.5551321506500244
8,0.007939943438395857,0.007457423396408558,0.06299960613250732,0.5691236257553101,1.5529786348342896
9,0.007185040569553772,0.0067674672231078144,0.05996987596154213,0.5668200850486755,1.5514228343963623
10,0.006553711198891202,0.006186637189239263,0.057206325232982635,0.564883828163147,1.5502824783325195
11,0.006022640276286337,0.005701877875253558,0.05476763844490051,0.5633309483528137,1.5494188070297241
12,0.005573592453988062,0.005288541736081243,0.05257227271795273,0.5620059967041016,1.5487226247787476
13,0.005189584387052391,0.004933193093165755,0.050636108964681625,0.5608977675437927,1.5481946468353271
14,0.004858229723241594,0.0046269448008388284,0.048899635672569275,0.5599896907806396,1.5477681159973145
15,0.004570377191218237,0.004360059136524796,0.047345682978630066,0.5592139363288879,1.5474116802215576
16,0.004318898823112249,0.004126408509910107,0.045923151075839996,0.558533251285553,1.5471134185791016
17,0.004098117116114332,0.003921523364260793,0.044625427573919296,0.5579282641410828,1.5468271970748901
18,0.0039043317911111645,0.0037422172958031298,0.0434366911649704,0.5574033260345459,1.5465972423553467
19,0.0037345522962924506,0.003584909229539335,0.04235236719250679,0.5569450259208679,1.54638671875
20,0.003585720957360334,0.0034476768923923373,0.041351813822984695,0.5565370321273804,1.5462186336517334
21,0.0034559283069231445,0.0033283547731116415,0.04044082760810852,0.5561720728874207,1.5460538864135742
22,0.0033430477345569266,0.0032249924959614875,0.03961823508143425,0.5558646321296692,1.5459201335906982
23,0.0032451638537976477,0.0031356091843917967,0.038879409432411194,0.5555990934371948,1.545801043510437
24,0.0031604284239518973,0.003058391623198986,0.0382176972925663,0.5553726553916931,1.545683741569519
25,0.0030870947133128843,0.0029920289991423486,0.03763510659337044,0.5551794767379761,1.54555344581604
26,0.0030238591807170046,0.0029343616915866733,0.03712639957666397,0.5550211071968079,1.545448899269104
27,0.002968957883098887,0.002884588413871825,0.03668439760804176,0.5548943877220154,1.5453605651855469
28,0.0029212357605704004,0.0028412950690835715,0.03630786016583443,0.5547917485237122,1.545279860496521
29,0.002879487927485671,0.002803291124291718,0.035985320806503296,0.554722249507904,1.5451847314834595
30,0.0028426971959157124,0.002769862930290401,0.03570634126663208,0.5546685457229614,1.545133113861084
31,0.0028099317672765915,0.0027401533909142016,0.03546556085348129,0.5546337366104126,1.5450925827026367
32,0.0027805732821838723,0.0027132170973345636,0.03524763137102127,0.5545921325683594,1.5450270175933838
33,0.002753944043070078,0.0026890231762081384,0.035059988498687744,0.5545728206634521,1.5449624061584473
34,0.0027295249488411676,0.002666070079430938,0.03488323464989662,0.5545439720153809,1.5448830127716064
35,0.0027069952701114946,0.0026450187200680376,0.03473493084311485,0.5545405745506287,1.5448344945907593
36,0.002685703213016192,0.002625176915898919,0.03457758203148842,0.5545093417167664,1.5447548627853394
37,0.0026658247768258053,0.0026064615231007338,0.03445255383849144,0.5545130968093872,1.5447062253952026
38,0.0026469317730516196,0.0025887675350531937,0.03431382030248642,0.5544780492782593,1.5446228981018066
39,0.002628982287003762,0.002571860118769109,0.034194231033325195,0.5544695854187012,1.5445795059204102
40,0.002611586697296136,0.0025554812047630547,0.03407204523682594,0.5544442534446716,1.5445252656936646
41,0.0025948841978485388,0.0025397049728780987,0.03395698964595795,0.554428219795227,1.5444809198379517
42,0.0025786990739612116,0.0025243750540539624,0.033836476504802704,0.5543963313102722,1.5444128513336182
43,0.0025630927799890437,0.0025095142889767887,0.033725641667842865,0.5543720126152039,1.5443567037582397
44,0.002547836241622766,0.0024948280304670336,0.03361506015062332,0.5543452501296997,1.5442970991134644
45,0.0025328592138571873,0.002480694651603699,0.033501386642456055,0.5543102025985718,1.5442453622817993
46,0.002518355810186929,0.0024671477265655996,0.03339120373129845,0.554273247718811,1.5441839694976807
47,0.002504115233508249,0.0024530308553949,0.03328612446784973,0.5542464852333069,1.5441361665725708
48,0.002490271260547969,0.0024396298220381142,0.03318170830607414,0.5542091131210327,1.5440856218338013
49,0.0024763191481017403,0.002426735800690949,0.033067379146814346,0.5541727542877197,1.5440232753753662
50,0.0024627451629688343,0.002413435815833509,0.032965805381536484,0.5541418194770813,1.5439726114273071
51,0.002449441137206223,0.002400645101442933,0.032853346318006516,0.5540891289710999,1.5439040660858154
52,0.002436230228179031,0.0023880613036453722,0.03274765610694885,0.5540562868118286,1.543856143951416
53,0.0024230661801993847,0.002375365700572729,0.032633982598781586,0.5540081858634949,1.5437941551208496
54,0.0024103169251854222,0.002362927724607289,0.03253249451518059,0.5539713501930237,1.5437405109405518
55,0.002397712915100985,0.002350608236156404,0.03242627531290054,0.5539242625236511,1.5436824560165405
56,0.00238505186409586,0.002338400995358825,0.032317664474248886,0.553884744644165,1.5436277389526367
57,0.0023728450760245323,0.0023263555252924562,0.03220504894852638,0.5538285374641418,1.5435535907745361
58,0.0023603304547982085,0.002314846427179873,0.03209155052900314,0.5537719130516052,1.5434908866882324
59,0.0023484463286068706,0.0023029762553051112,0.03198893740773201,0.5537359118461609,1.5434359312057495
60,0.0023365492208136454,0.00229148268699646,0.031885016709566116,0.5536970496177673,1.5433804988861084
61,0.002324993813979543,0.0022801401326432826,0.0317724235355854,0.5536392331123352,1.5433080196380615
62,0.0023134516681441,0.0022695960011333226,0.03166896849870682,0.5536023378372192,1.5432560443878174
63,0.002301916293799877,0.002258520806208253,0.031556323170661926,0.5535505414009094,1.5431945323944092
64,0.0022913194972918266,0.002247733576223254,0.0314498096704483,0.55349200963974,1.5431301593780518
65,0.0022801163632215726,0.0022372088860720396,0.031340692192316055,0.5534490942955017,1.5430700778961182
66,0.0022695603819253545,0.0022267600521445273,0.031246639788150787,0.5534213185310364,1.5430314540863037
67,0.0022590936329733168,0.0022169484524056315,0.03112983889877796,0.5533565282821655,1.5429506301879883
68,0.0022489438234414494,0.0022070570150390266,0.031037207692861557,0.5533264875411987,1.542916178703308
69,0.0022391390598689516,0.002197591494768858,0.030931590124964714,0.5532709360122681,1.542853593826294
70,0.002229552409456422,0.002188522252254188,0.030837945640087128,0.5532412528991699,1.5428075790405273
71,0.00222017036155901,0.002179673546925187,0.03073536604642868,0.5531945824623108,1.542758584022522
72,0.0022111582699128325,0.0021706302417442203,0.030650261789560318,0.5531670451164246,1.5427175760269165
73,0.002202206983282748,0.002161907241679728,0.03055420331656933,0.5531249642372131,1.5426675081253052
74,0.0021940081367372638,0.0021554243168793617,0.03046315535902977,0.5530829429626465,1.5426236391067505
75,0.002185621719238245,0.002145879762247205,0.03038424253463745,0.5530616044998169,1.5425885915756226
76,0.0021774976798850628,0.002139120572246611,0.030287493020296097,0.5530125498771667,1.5425379276275635
77,0.0021697961065607766,0.002132019028067589,0.030208980664610863,0.5529913306236267,1.5425021648406982
78,0.0021625395864248277,0.0021244546631351115,0.030135199427604675,0.5529614090919495,1.542478084564209
79,0.002155084055589719,0.0021173464017920198,0.030041733756661415,0.5529133677482605,1.5424305200576782
80,0.0021482631331309677,0.0021101874182932077,0.02997729741036892,0.5529035925865173,1.5424073934555054
81,0.0021414234962624807,0.0021035591256804765,0.029897145926952362,0.552872896194458,1.54237961769104
82,0.0021350795066811972,0.0020975073333829642,0.029835987836122513,0.552850604057312,1.5423557758331299
83,0.002129070725964589,0.002092802291736007,0.02976328507065773,0.552818775177002,1.5423227548599243
84,0.0021230907489856086,0.002085145248565823,0.02969377301633358,0.5527916550636292,1.5422977209091187
85,0.0021172641802372203,0.0020810661488212647,0.029636522755026817,0.5527824759483337,1.5422791242599487
86,0.0021119426780690747,0.0020746273454278707,0.029565531760454178,0.5527443885803223,1.5422542095184326
87,0.002106260371187495,0.002068988233804703,0.029510224238038063,0.552739143371582,1.5422478914260864
88,0.0021013194552829697,0.002067199512384832,0.029448194429278374,0.5527046918869019,1.5422199964523315
89,0.0020963192891536486,0.0020598060451447963,0.029385877773165703,0.5526809096336365,1.5421957969665527
90,0.002091676300753736,0.0020582687226124107,0.029334422200918198,0.5526739358901978,1.5421842336654663
91,0.002086881902586255,0.002052335487678647,0.02927909977734089,0.5526502728462219,1.5421708822250366
92,0.0020824481021716364,0.0020461022621020676,0.029225850477814674,0.5526360273361206,1.542157769203186
93,0.002078234102939152,0.0020433202618733047,0.029173363000154495,0.5526150465011597,1.5421382188796997
94,0.0020741474193831286,0.0020386057440191507,0.02913917414844036,0.5526148676872253,1.5421347618103027
95,0.0020702400270642507,0.0020343238837085666,0.02907360903918743,0.5525721311569214,1.5421119928359985
96,0.0020663356395541795,0.0020305619691498578,0.02902398630976677,0.5525651574134827,1.5420966148376465
97,0.0020630921858052413,0.002026902756188065,0.029000019654631615,0.5525605082511902,1.542096495628357
98,0.0020594000273073715,0.002023867832031101,0.028942158445715904,0.552539587020874,1.5420767068862915
99,0.002056121686473489,0.0020220507634803654,0.028925158083438873,0.5525485277175903,1.5420876741409302
